<?xml version="1.0" encoding="UTF-8" standalone="no"?>
<!DOCTYPE svg PUBLIC "-//W3C//DTD SVG 20010904//EN"
              "http://www.w3.org/TR/2001/REC-SVG-20010904/DTD/svg10.dtd">

<svg xmlns="http://www.w3.org/2000/svg"
     viewBox="0 0 184 79">
  <path id="Menu"
        fill="white" stroke="none"
        d="M 74.17,77.78
           C 74.34,77.64 74.43,77.45 74.44,77.23
             74.44,77.23 75.70,65.70 75.70,65.70
             75.70,65.70 75.71,65.69 75.72,65.69
             75.72,65.69 75.77,65.69 75.77,65.69
             75.77,65.69 79.02,77.12 79.02,77.12
             79.09,77.38 79.23,77.59 79.45,77.75
             79.67,77.92 79.91,78.00 80.17,78.00
             80.44,78.00 80.68,77.92 80.89,77.77
             81.11,77.60 81.25,77.39 81.31,77.12
             81.31,77.12 84.59,65.69 84.59,65.69
             84.59,65.69 84.62,65.69 84.62,65.69
             84.63,65.69 84.64,65.70 84.64,65.70
             84.64,65.70 85.92,77.20 85.92,77.20
             85.94,77.43 86.04,77.62 86.20,77.78
             86.37,77.93 86.57,78.00 86.80,78.00
             87.02,78.00 87.19,77.92 87.33,77.77
             87.47,77.60 87.53,77.41 87.50,77.20
             87.50,77.20 85.95,64.38 85.95,64.38
             85.93,64.09 85.81,63.87 85.59,63.69
             85.38,63.50 85.14,63.41 84.86,63.41
             84.57,63.41 84.30,63.50 84.06,63.67
             83.83,63.84 83.68,64.06 83.59,64.34
             83.59,64.34 80.22,76.12 80.22,76.12
             80.22,76.14 80.21,76.14 80.20,76.14
             80.19,76.14 80.19,76.14 80.19,76.12
             80.19,76.12 76.80,64.34 76.80,64.34
             76.72,64.06 76.57,63.84 76.33,63.67
             76.10,63.50 75.84,63.41 75.55,63.41
             75.27,63.41 75.02,63.50 74.80,63.69
             74.59,63.87 74.47,64.09 74.44,64.38
             74.44,64.38 72.91,77.23 72.91,77.23
             72.88,77.45 72.94,77.62 73.08,77.78
             73.21,77.93 73.38,78.00 73.58,78.00
             73.80,78.00 74.00,77.93 74.17,77.78 Z
           M 95.81,69.48
           C 96.35,70.08 96.65,70.93 96.70,72.05
             96.70,72.15 96.64,72.20 96.52,72.20
             96.52,72.20 90.45,72.20 90.45,72.20
             90.35,72.20 90.30,72.15 90.30,72.05
             90.35,70.95 90.66,70.11 91.25,69.50
             91.84,68.89 92.62,68.58 93.59,68.58
             94.54,68.58 95.28,68.88 95.81,69.48 Z
           M 96.84,77.62
           C 97.00,77.55 97.11,77.44 97.17,77.28
             97.24,77.12 97.25,76.96 97.20,76.80
             97.15,76.65 97.05,76.55 96.89,76.50
             96.73,76.44 96.58,76.44 96.44,76.50
             95.68,76.84 94.84,77.02 93.92,77.02
             92.88,77.02 92.02,76.70 91.36,76.08
             90.70,75.45 90.35,74.60 90.30,73.52
             90.30,73.41 90.35,73.36 90.45,73.36
             90.45,73.36 96.95,73.36 96.95,73.36
             97.27,73.36 97.55,73.25 97.78,73.03
             98.02,72.81 98.13,72.54 98.12,72.22
             98.04,70.66 97.60,69.46 96.81,68.64
             96.03,67.82 94.96,67.41 93.59,67.41
             92.11,67.41 90.94,67.89 90.08,68.84
             89.22,69.80 88.80,71.12 88.80,72.80
             88.80,74.45 89.25,75.77 90.17,76.75
             91.10,77.72 92.30,78.20 93.80,78.20
             94.92,78.20 95.94,78.01 96.84,77.62 Z
           M 101.95,77.27
           C 101.95,77.27 101.95,72.44 101.95,72.44
             101.95,71.43 102.27,70.54 102.91,69.78
             103.55,69.01 104.27,68.62 105.05,68.62
             105.95,68.62 106.59,68.88 106.95,69.38
             107.33,69.88 107.52,70.77 107.52,72.06
             107.52,72.06 107.52,77.28 107.52,77.28
             107.52,77.48 107.58,77.65 107.72,77.80
             107.86,77.93 108.04,78.00 108.23,78.00
             108.44,78.00 108.61,77.93 108.75,77.80
             108.88,77.65 108.95,77.48 108.95,77.28
             108.95,77.28 108.95,71.94 108.95,71.94
             108.95,70.37 108.67,69.22 108.11,68.50
             107.55,67.77 106.68,67.41 105.50,67.41
             104.79,67.41 104.12,67.59 103.50,67.95
             102.88,68.31 102.37,68.80 101.98,69.42
             101.98,69.45 101.97,69.45 101.94,69.45
             101.93,69.45 101.92,69.45 101.92,69.44
             101.92,69.44 101.91,68.30 101.91,68.30
             101.91,68.11 101.83,67.95 101.69,67.81
             101.55,67.67 101.39,67.59 101.20,67.59
             101.02,67.59 100.85,67.67 100.70,67.81
             100.57,67.95 100.50,68.11 100.50,68.30
             100.50,68.30 100.50,77.27 100.50,77.27
             100.50,77.46 100.57,77.64 100.72,77.78
             100.86,77.93 101.04,78.00 101.23,78.00
             101.44,78.00 101.61,77.93 101.75,77.78
             101.88,77.64 101.95,77.46 101.95,77.27 Z
           M 116.66,77.67
           C 117.27,77.31 117.78,76.81 118.19,76.19
             118.19,76.16 118.20,76.14 118.22,76.14
             118.23,76.14 118.23,76.15 118.23,76.16
             118.23,76.16 118.27,77.30 118.27,77.30
             118.27,77.48 118.34,77.65 118.48,77.80
             118.63,77.93 118.80,78.00 118.98,78.00
             119.17,78.00 119.33,77.93 119.47,77.80
             119.61,77.65 119.69,77.48 119.69,77.30
             119.69,77.30 119.69,68.34 119.69,68.34
             119.69,68.15 119.61,67.98 119.45,67.83
             119.30,67.67 119.13,67.59 118.94,67.59
             118.74,67.59 118.57,67.67 118.42,67.83
             118.27,67.98 118.20,68.15 118.20,68.34
             118.20,68.34 118.20,73.16 118.20,73.16
             118.20,74.19 117.88,75.08 117.25,75.83
             116.61,76.57 115.91,76.94 115.14,76.94
             114.32,76.94 113.73,76.73 113.38,76.30
             113.02,75.87 112.84,75.12 112.84,74.06
             112.84,74.06 112.84,68.31 112.84,68.31
             112.84,68.12 112.77,67.95 112.62,67.81
             112.49,67.67 112.32,67.59 112.11,67.59
             111.91,67.59 111.74,67.67 111.61,67.81
             111.47,67.95 111.41,68.12 111.41,68.31
             111.41,68.31 111.41,74.20 111.41,74.20
             111.41,75.60 111.67,76.62 112.20,77.25
             112.73,77.89 113.56,78.20 114.69,78.20
             115.38,78.20 116.04,78.02 116.66,77.67 Z
           M 29.75,42.70
           C 31.45,42.07 32.81,41.41 33.84,40.72
             34.88,40.04 35.87,39.05 36.80,37.75
             38.30,35.65 38.85,33.20 38.45,30.41
             38.29,29.27 37.93,28.33 37.38,27.58
             36.82,26.83 36.03,26.07 35.00,25.30
             33.66,24.37 32.42,23.70 31.27,23.28
             30.12,22.87 28.71,22.55 27.05,22.34
             24.35,22.05 21.35,22.42 18.05,23.45
             17.18,23.71 16.40,24.00 15.70,24.30
             15.60,20.87 15.56,17.95 15.59,15.55
             16.80,15.25 17.66,15.03 18.17,14.91
             18.69,14.77 19.35,14.55 20.14,14.25
             20.94,13.95 21.74,13.59 22.55,13.16
             23.95,12.39 24.70,11.48 24.80,10.45
             24.83,9.98 24.66,9.59 24.30,9.25
             23.93,8.92 23.50,8.78 23.00,8.84
             22.06,8.92 20.77,9.33 19.12,10.08
             17.48,10.83 16.34,11.30 15.70,11.50
             15.77,10.00 15.85,8.55 15.95,7.16
             15.95,6.89 16.13,6.59 16.50,6.25
             16.86,5.92 17.03,5.62 17.00,5.34
             16.89,4.65 15.20,3.93 11.91,3.20
             11.91,3.20 11.91,12.20 11.91,12.20
             8.36,12.70 4.46,13.07 0.20,13.30
             0.20,13.30 0.91,13.91 0.91,13.91
             1.36,14.30 1.97,14.78 2.72,15.33
             3.47,15.88 4.13,16.30 4.70,16.59
             5.13,16.87 5.78,16.97 6.66,16.91
             9.02,16.67 10.77,16.45 11.91,16.25
             11.91,16.25 11.91,26.16 11.91,26.16
             11.10,26.66 10.07,27.32 8.80,28.16
             7.46,29.05 5.63,30.47 3.30,32.41
             2.80,32.84 2.27,33.46 1.70,34.30
             1.63,34.40 1.58,34.51 1.55,34.62
             1.52,34.74 1.52,34.87 1.55,35.00
             1.58,35.14 1.60,35.26 1.62,35.38
             1.64,35.49 1.70,35.64 1.80,35.83
             1.90,36.01 1.97,36.16 2.02,36.28
             2.07,36.40 2.16,36.55 2.30,36.75
             2.43,36.95 2.53,37.10 2.59,37.20
             2.66,37.30 2.77,37.45 2.92,37.67
             3.08,37.89 3.19,38.03 3.25,38.09
             4.08,39.34 5.16,40.40 6.50,41.30
             6.56,41.33 6.82,41.49 7.27,41.80
             7.72,42.10 7.98,42.27 8.05,42.33
             8.12,42.38 8.34,42.51 8.70,42.72
             9.07,42.94 9.32,43.08 9.47,43.14
             9.62,43.21 9.85,43.32 10.14,43.45
             10.44,43.59 10.73,43.69 11.00,43.75
             11.27,43.81 11.57,43.88 11.91,43.95
             13.41,44.25 14.50,43.94 15.20,43.00
             15.50,42.60 15.70,42.16 15.78,41.67
             15.86,41.19 15.88,40.73 15.84,40.30
             15.81,39.87 15.85,39.36 15.95,38.75
             15.95,36.42 15.88,32.87 15.75,28.09
             17.95,27.23 19.91,26.62 21.66,26.25
             23.78,25.78 25.78,25.81 27.66,26.34
             29.11,26.75 30.26,27.17 31.09,27.61
             31.93,28.04 32.73,28.72 33.50,29.66
             34.00,30.25 34.27,30.92 34.30,31.67
             34.33,32.42 34.21,33.18 33.95,33.95
             33.71,34.79 33.40,35.48 33.02,36.03
             32.64,36.57 32.05,37.23 31.25,38.00
             29.95,39.27 28.35,40.34 26.45,41.20
             24.75,41.96 22.70,42.61 20.30,43.16
             23.83,43.85 26.98,43.70 29.75,42.70 Z
           M 33.16,12.84
           C 33.35,13.15 33.68,13.66 34.14,14.38
             34.61,15.09 35.03,15.69 35.41,16.16
             35.60,16.39 35.86,16.78 36.17,17.33
             36.49,17.88 36.81,18.29 37.12,18.56
             37.44,18.82 37.83,18.97 38.30,19.00
             38.96,19.06 39.55,18.86 40.05,18.38
             40.55,17.90 40.77,17.34 40.70,16.70
             40.46,14.54 39.41,12.73 37.55,11.30
             35.71,9.87 33.11,8.84 29.75,8.20
             29.75,8.20 33.16,12.84 33.16,12.84 Z
           M 11.91,39.91
           C 11.60,39.77 11.22,39.62 10.75,39.45
             10.28,39.29 9.87,39.13 9.52,38.98
             9.17,38.83 8.82,38.62 8.45,38.34
             8.32,38.25 8.04,38.07 7.62,37.81
             7.21,37.54 6.91,37.34 6.75,37.20
             6.58,37.07 6.36,36.89 6.08,36.66
             5.80,36.42 5.59,36.18 5.45,35.95
             5.32,35.71 5.22,35.46 5.16,35.20
             5.08,34.90 5.24,34.54 5.62,34.12
             6.01,33.71 6.37,33.39 6.70,33.16
             6.70,33.16 10.00,30.91 10.00,30.91
             10.66,30.47 11.30,30.10 11.91,29.80
             11.91,29.80 11.91,39.91 11.91,39.91 Z
           M 77.20,5.75
           C 77.20,5.75 77.20,16.20 77.20,16.20
             77.20,16.20 63.55,16.20 63.55,16.20
             63.55,16.20 63.55,5.75 63.55,5.75
             63.55,5.75 77.20,5.75 77.20,5.75 Z
           M 61.50,1.67
           C 60.13,1.26 59.32,0.98 59.05,0.84
             59.05,0.84 59.05,19.16 59.05,19.16
             59.65,20.89 60.40,21.78 61.30,21.84
             61.80,21.81 62.20,21.66 62.50,21.38
             62.80,21.09 63.01,20.81 63.12,20.53
             63.24,20.24 63.38,19.78 63.55,19.16
             63.55,19.16 63.55,18.70 63.55,18.70
             63.55,18.70 77.55,18.70 77.55,18.70
             78.05,19.84 78.68,20.44 79.45,20.50
             79.95,20.47 80.35,20.31 80.64,20.03
             80.94,19.74 81.15,19.45 81.27,19.17
             81.39,18.89 81.54,18.43 81.70,17.80
             81.70,17.80 81.70,6.25 81.70,6.25
             81.80,6.12 81.96,5.96 82.19,5.78
             82.43,5.59 82.60,5.43 82.72,5.28
             82.84,5.12 82.85,4.95 82.75,4.75
             81.85,3.02 80.70,1.97 79.30,1.59
             78.99,1.53 78.73,1.59 78.52,1.75
             78.30,1.92 78.08,2.18 77.84,2.53
             77.61,2.88 77.40,3.12 77.20,3.25
             77.20,3.25 64.45,3.25 64.45,3.25
             63.85,2.62 62.86,2.09 61.50,1.67 Z
           M 64.20,28.70
           C 64.20,28.70 64.20,41.16 64.20,41.16
             64.20,41.16 55.84,41.16 55.84,41.16
             55.84,41.16 55.84,28.91 55.84,28.91
             55.88,28.84 55.92,28.77 55.95,28.70
             55.95,28.70 64.20,28.70 64.20,28.70 Z
           M 53.77,24.78
           C 52.48,24.40 51.68,24.12 51.34,23.95
             51.34,23.95 51.34,44.66 51.34,44.66
             51.95,46.38 52.70,47.28 53.59,47.34
             54.09,47.31 54.49,47.16 54.80,46.88
             55.10,46.59 55.30,46.30 55.42,46.02
             55.54,45.73 55.68,45.28 55.84,44.66
             55.84,44.66 55.84,43.66 55.84,43.66
             55.84,43.66 64.20,43.66 64.20,43.66
             64.50,44.49 64.82,45.13 65.16,45.58
             65.49,46.02 65.92,46.27 66.45,46.30
             66.95,46.27 67.35,46.11 67.64,45.83
             67.94,45.55 68.15,45.26 68.27,44.97
             68.39,44.69 68.54,44.23 68.70,43.59
             68.70,43.59 68.70,29.20 68.70,29.20
             68.80,29.07 68.97,28.91 69.22,28.73
             69.47,28.55 69.64,28.38 69.75,28.23
             69.85,28.08 69.85,27.90 69.75,27.70
             68.85,26.01 67.70,24.95 66.30,24.55
             65.99,24.48 65.73,24.54 65.52,24.70
             65.30,24.87 65.08,25.13 64.83,25.48
             64.58,25.83 64.37,26.07 64.20,26.20
             64.20,26.20 56.59,26.20 56.59,26.20
             56.00,25.63 55.05,25.16 53.77,24.78 Z
           M 86.05,28.70
           C 86.05,28.70 86.05,41.00 86.05,41.00
             86.05,41.00 77.41,41.00 77.41,41.00
             77.41,41.00 77.41,29.50 77.41,29.50
             77.50,29.27 77.68,29.01 77.95,28.70
             77.95,28.70 86.05,28.70 86.05,28.70 Z
           M 75.16,25.33
           C 74.16,25.05 73.41,24.79 72.91,24.55
             72.91,24.55 72.91,43.91 72.91,43.91
             73.50,45.63 74.25,46.53 75.16,46.59
             75.66,46.56 76.05,46.41 76.34,46.12
             76.64,45.84 76.85,45.55 76.97,45.27
             77.09,44.98 77.24,44.53 77.41,43.91
             77.41,43.91 77.41,43.50 77.41,43.50
             77.41,43.50 86.05,43.50 86.05,43.50
             86.35,44.33 86.66,44.97 87.00,45.42
             87.33,45.87 87.77,46.11 88.30,46.16
             88.80,46.11 89.20,45.95 89.50,45.67
             89.80,45.39 90.01,45.11 90.12,44.83
             90.24,44.55 90.38,44.09 90.55,43.45
             90.55,43.45 90.55,29.20 90.55,29.20
             90.65,29.07 90.82,28.91 91.05,28.73
             91.29,28.55 91.46,28.38 91.58,28.23
             91.69,28.08 91.70,27.90 91.59,27.70
             90.70,25.96 89.55,24.91 88.16,24.55
             87.85,24.48 87.59,24.54 87.38,24.70
             87.16,24.87 86.93,25.13 86.69,25.48
             86.46,25.83 86.24,26.07 86.05,26.20
             86.05,26.20 77.34,26.20 77.34,26.20
             76.88,25.90 76.16,25.61 75.16,25.33 Z
           M 131.55,15.75
           C 131.55,15.75 122.84,15.75 122.84,15.75
             122.84,15.75 122.84,13.41 122.84,13.41
             122.84,13.41 131.55,13.41 131.55,13.41
             131.55,13.41 131.55,15.75 131.55,15.75 Z
           M 143.25,13.41
           C 143.75,13.41 144.15,13.27 144.45,13.00
             144.75,12.73 144.80,12.38 144.59,11.95
             144.39,11.71 144.08,11.36 143.64,10.88
             143.21,10.40 142.85,10.00 142.55,9.69
             142.24,9.37 141.90,9.02 141.52,8.66
             141.14,8.28 140.79,8.00 140.47,7.80
             140.16,7.60 139.88,7.48 139.66,7.45
             139.19,7.62 138.63,8.16 138.00,9.06
             137.36,9.96 136.86,10.57 136.50,10.91
             136.50,10.91 136.05,10.91 136.05,10.91
             136.05,10.91 136.05,8.05 136.05,8.05
             136.15,7.91 136.33,7.76 136.58,7.58
             136.83,7.39 137.00,7.23 137.09,7.08
             137.20,6.92 137.20,6.75 137.09,6.55
             136.20,4.85 135.05,3.80 133.66,3.41
             133.35,3.34 133.09,3.38 132.88,3.55
             132.66,3.71 132.42,3.98 132.17,4.33
             131.92,4.67 131.71,4.91 131.55,5.05
             131.55,5.05 122.84,5.05 122.84,5.05
             122.95,4.82 123.15,4.53 123.45,4.19
             123.75,3.84 123.95,3.57 124.03,3.41
             124.11,3.24 124.07,2.99 123.91,2.66
             122.83,1.49 120.98,0.64 118.34,0.09
             118.34,0.09 118.34,5.05 118.34,5.05
             118.34,5.05 103.66,5.05 103.66,5.05
             103.66,5.05 103.66,7.55 103.66,7.55
             103.66,7.55 118.34,7.55 118.34,7.55
             118.34,7.55 118.34,10.91 118.34,10.91
             118.34,10.91 97.95,10.91 97.95,10.91
             97.95,10.91 97.95,13.41 97.95,13.41
             97.95,13.41 118.34,13.41 118.34,13.41
             118.34,13.41 118.34,15.75 118.34,15.75
             118.34,15.75 103.66,15.75 103.66,15.75
             103.66,15.75 103.66,18.25 103.66,18.25
             103.66,18.25 118.34,18.25 118.34,18.25
             118.34,18.25 118.34,21.84 118.34,21.84
             118.34,21.84 101.55,21.84 101.55,21.84
             101.55,21.84 101.55,24.34 101.55,24.34
             101.55,24.34 118.34,24.34 118.34,24.34
             118.34,24.34 118.34,27.25 118.34,27.25
             118.34,27.25 97.80,27.25 97.80,27.25
             97.80,27.25 97.80,29.75 97.80,29.75
             97.80,29.75 143.70,29.75 143.70,29.75
             144.20,29.75 144.60,29.62 144.89,29.36
             145.19,29.09 145.24,28.73 145.05,28.30
             144.85,28.07 144.53,27.71 144.09,27.23
             143.66,26.75 143.30,26.34 143.00,26.03
             142.70,25.71 142.35,25.37 141.97,25.00
             141.59,24.64 141.24,24.36 140.92,24.16
             140.61,23.95 140.33,23.83 140.09,23.80
             139.63,23.96 139.09,24.50 138.45,25.41
             137.82,26.30 137.32,26.92 136.95,27.25
             136.95,27.25 122.84,27.25 122.84,27.25
             122.84,27.25 122.84,24.34 122.84,24.34
             122.84,24.34 138.45,24.34 138.45,24.34
             138.95,24.34 139.35,24.21 139.64,23.95
             139.94,23.68 139.99,23.34 139.80,22.91
             139.63,22.70 139.24,22.27 138.64,21.62
             138.05,20.98 137.59,20.49 137.27,20.16
             136.95,19.82 136.56,19.48 136.09,19.11
             135.63,18.73 135.25,18.50 134.95,18.41
             135.35,18.11 135.71,17.36 136.05,16.16
             136.05,16.16 136.05,13.41 136.05,13.41
             136.05,13.41 143.25,13.41 143.25,13.41 Z
           M 122.84,10.91
           C 122.84,10.91 122.84,7.55 122.84,7.55
             122.84,7.55 131.55,7.55 131.55,7.55
             131.55,7.55 131.55,10.91 131.55,10.91
             131.55,10.91 122.84,10.91 122.84,10.91 Z
           M 133.80,18.84
           C 133.93,18.84 134.07,18.83 134.20,18.80
             133.93,19.00 133.55,19.45 133.05,20.17
             132.55,20.89 132.10,21.45 131.70,21.84
             131.70,21.84 122.84,21.84 122.84,21.84
             122.84,21.84 122.84,18.25 122.84,18.25
             122.84,18.25 132.59,18.25 132.59,18.25
             132.93,18.62 133.33,18.81 133.80,18.84 Z
           M 132.30,34.84
           C 132.30,34.84 132.30,38.16 132.30,38.16
             132.30,38.16 109.20,38.16 109.20,38.16
             109.20,38.16 109.20,36.16 109.20,36.16
             109.27,36.02 109.34,35.88 109.44,35.73
             109.54,35.58 109.66,35.41 109.81,35.23
             109.97,35.05 110.08,34.92 110.16,34.84
             110.16,34.84 132.30,34.84 132.30,34.84 Z
           M 104.70,31.20
           C 104.70,31.20 104.70,46.30 104.70,46.30
             105.30,48.04 106.05,48.94 106.95,49.00
             107.45,48.97 107.85,48.80 108.14,48.52
             108.44,48.23 108.65,47.95 108.77,47.67
             108.89,47.39 109.04,46.93 109.20,46.30
             109.20,46.30 109.20,46.00 109.20,46.00
             109.20,46.00 132.30,46.00 132.30,46.00
             132.30,46.00 132.30,46.30 132.30,46.30
             132.90,48.04 133.65,48.94 134.55,49.00
             135.05,48.97 135.45,48.80 135.75,48.52
             136.05,48.23 136.26,47.95 136.38,47.67
             136.49,47.39 136.63,46.93 136.80,46.30
             136.80,46.30 136.80,35.34 136.80,35.34
             136.90,35.22 137.08,35.06 137.33,34.88
             137.58,34.69 137.75,34.52 137.84,34.38
             137.95,34.23 137.95,34.05 137.84,33.84
             136.95,32.15 135.80,31.10 134.41,30.70
             134.10,30.63 133.84,30.68 133.62,30.84
             133.41,31.01 133.17,31.27 132.92,31.62
             132.67,31.98 132.46,32.22 132.30,32.34
             132.30,32.34 108.20,32.34 108.20,32.34
             107.07,31.81 105.90,31.43 104.70,31.20 Z
           M 132.30,40.66
           C 132.30,40.66 132.30,43.50 132.30,43.50
             132.30,43.50 109.20,43.50 109.20,43.50
             109.20,43.50 109.20,40.66 109.20,40.66
             109.20,40.66 132.30,40.66 132.30,40.66 Z
           M 160.00,10.80
           C 160.20,11.10 160.49,11.48 160.88,11.92
             161.26,12.37 161.60,12.73 161.91,13.00
             162.00,13.06 162.17,13.20 162.42,13.42
             162.67,13.64 162.84,13.79 162.94,13.88
             163.04,13.96 163.19,14.07 163.39,14.20
             163.60,14.34 163.79,14.44 163.97,14.50
             164.16,14.56 164.36,14.62 164.59,14.66
             166.86,15.05 169.00,15.14 171.00,14.91
             171.89,16.44 172.73,17.92 173.50,19.34
             172.23,19.72 170.51,20.01 168.34,20.20
             166.98,20.34 165.63,20.34 164.30,20.20
             162.96,20.10 161.27,19.85 159.20,19.45
             159.20,19.45 159.70,20.00 159.70,20.00
             160.04,20.34 160.47,20.75 161.02,21.25
             161.57,21.75 162.06,22.15 162.50,22.45
             162.63,22.55 162.83,22.69 163.09,22.88
             163.36,23.06 163.55,23.20 163.67,23.28
             163.79,23.37 163.96,23.48 164.19,23.61
             164.43,23.73 164.62,23.84 164.77,23.91
             164.92,23.97 165.11,24.04 165.34,24.11
             165.58,24.17 165.83,24.22 166.09,24.25
             168.56,24.59 171.06,24.48 173.59,23.95
             174.36,23.79 175.03,23.62 175.59,23.45
             175.76,23.76 176.39,25.17 177.50,27.70
             177.70,28.17 177.93,28.75 178.19,29.44
             178.46,30.12 178.68,30.64 178.84,31.00
             178.84,31.00 175.25,30.09 175.25,30.09
             174.72,30.00 173.96,29.84 172.97,29.62
             171.99,29.41 171.16,29.27 170.47,29.20
             169.79,29.13 169.04,29.13 168.20,29.20
             166.54,29.37 165.22,29.58 164.27,29.83
             163.32,30.08 162.33,30.57 161.30,31.30
             159.57,32.57 158.57,34.27 158.30,36.41
             158.10,38.00 158.65,39.60 159.95,41.20
             161.38,42.96 163.13,44.21 165.20,44.95
             167.30,45.68 169.74,45.93 172.55,45.70
             174.21,45.57 175.27,45.02 175.70,44.05
             175.93,43.52 175.92,42.98 175.67,42.45
             175.42,41.92 175.03,41.55 174.50,41.34
             173.23,40.91 171.54,40.71 169.44,40.72
             167.34,40.74 165.68,40.50 164.45,40.00
             163.65,39.67 163.04,39.17 162.62,38.50
             162.21,37.84 162.07,37.09 162.20,36.25
             162.46,34.62 163.61,33.56 165.66,33.09
             165.99,33.03 166.33,32.97 166.67,32.91
             167.02,32.84 167.33,32.78 167.59,32.75
             167.86,32.72 168.17,32.70 168.52,32.70
             168.87,32.70 169.14,32.70 169.34,32.69
             169.55,32.67 169.85,32.68 170.25,32.73
             170.64,32.78 170.91,32.80 171.06,32.80
             171.22,32.80 171.52,32.84 171.97,32.92
             172.43,33.01 172.71,33.06 172.83,33.08
             172.94,33.09 173.27,33.14 173.80,33.22
             174.33,33.30 174.66,33.37 174.80,33.41
             175.49,33.50 176.29,33.81 177.17,34.33
             178.05,34.84 178.77,35.18 179.30,35.34
             179.43,35.39 179.66,35.48 179.97,35.61
             180.29,35.73 180.52,35.82 180.67,35.86
             180.83,35.89 181.04,35.90 181.30,35.88
             181.57,35.86 181.85,35.78 182.16,35.66
             183.22,35.12 183.52,33.81 183.05,31.75
             182.79,30.45 182.20,28.85 181.30,26.95
             180.66,25.62 179.84,24.04 178.84,22.20
             179.45,21.90 180.10,21.53 180.80,21.09
             181.54,20.64 182.04,20.31 182.30,20.12
             182.57,19.94 182.86,19.62 183.17,19.16
             183.49,18.69 183.66,18.19 183.66,17.66
             183.66,17.12 183.35,16.75 182.75,16.55
             182.14,16.35 181.49,16.32 180.80,16.45
             179.66,16.65 178.26,17.18 176.59,18.05
             176.59,18.05 174.66,14.34 174.66,14.34
             175.88,14.01 177.03,13.46 178.09,12.70
             178.56,12.34 178.87,11.85 179.02,11.23
             179.17,10.61 179.02,10.20 178.55,10.00
             178.05,9.80 177.53,9.70 177.00,9.70
             176.47,9.70 176.00,9.76 175.59,9.88
             175.20,9.99 174.71,10.12 174.12,10.28
             173.54,10.43 173.02,10.52 172.55,10.55
             172.55,10.55 172.41,10.30 172.41,10.30
             171.27,8.30 170.22,6.70 169.25,5.50
             168.72,4.80 167.91,4.25 166.84,3.84
             165.91,3.48 164.66,3.23 163.09,3.09
             163.09,3.09 165.34,6.70 165.34,6.70
             165.64,7.13 166.63,8.51 168.30,10.84
             167.37,10.92 166.38,10.94 165.34,10.91
             163.84,10.87 161.95,10.66 159.66,10.30
             159.66,10.30 160.00,10.80 160.00,10.80 Z" />
</svg>
